# 隔夜持股法策略回测报告

**回测日期**：2026-05-26 09:57  
**回测周期**：2025-05-01 至 2026-05-26  
**初始资金**：20000.00元

---

## 一、回测参数

### 交易规则
- **买入时间**：T日收盘（模拟14:50买入）
- **卖出条件**：
  - T+1日涨3% → 止盈卖出
  - T+1日跌3% → 止损卖出
  - 其他情况 → T+1日收盘卖出

### 选股条件
- 当日涨幅：3% - 8%
- 量比：≥ 1.5
- 均线多头排列：MA5 > MA10 > MA20
- 价格在布林带中轨上方

---

## 二、回测结果

### 2.1 整体表现

| 指标 | 数值 |
|------|------|
| 总交易次数 | 7 |
| 盈利次数 | 3 |
| 亏损次数 | 4 |
| **胜率** | **42.86%** |
| 总收益率 | -0.03% |
| 平均盈利 | 2.17% |
| 平均亏损 | -1.64% |
| 盈亏比 | 1.33 |

### 2.2 卖出原因分析

- **次日收盘卖出**：5次 (71.4%)
- **次日涨3%止盈**：1次 (14.3%)
- **次日跌3%止损**：1次 (14.3%)


### 2.3 最佳交易（Top 10）

| 日期 | 股票 | 买入价 | 卖出价 | 收益率 | 卖出原因 |
|------|------|--------|--------|--------|----------|
| 2025-09-24 | 长电科技(600584) | 41.20 | 42.44 | +3.00% | 次日涨3%止盈 |
| 2025-07-21 | 宁德时代(300750) | 279.66 | 286.66 | +2.50% | 次日收盘卖出 |
| 2026-05-15 | 北方华创(002371) | 592.00 | 597.97 | +1.01% | 次日收盘卖出 |
| 2026-04-30 | 海康威视(002415) | 36.29 | 36.04 | -0.69% | 次日收盘卖出 |
| 2026-03-23 | 比亚迪(002594) | 107.63 | 106.64 | -0.92% | 次日收盘卖出 |
| 2025-07-10 | 回天新材(300041) | 9.83 | 9.64 | -1.93% | 次日收盘卖出 |
| 2025-09-18 | 回天新材(300041) | 11.45 | 11.11 | -3.00% | 次日跌3%止损 |


### 2.4 最差交易（Top 10）

| 日期 | 股票 | 买入价 | 卖出价 | 收益率 | 卖出原因 |
|------|------|--------|--------|--------|----------|
| 2025-09-18 | 回天新材(300041) | 11.45 | 11.11 | -3.00% | 次日跌3%止损 |
| 2025-07-10 | 回天新材(300041) | 9.83 | 9.64 | -1.93% | 次日收盘卖出 |
| 2026-03-23 | 比亚迪(002594) | 107.63 | 106.64 | -0.92% | 次日收盘卖出 |
| 2026-04-30 | 海康威视(002415) | 36.29 | 36.04 | -0.69% | 次日收盘卖出 |
| 2026-05-15 | 北方华创(002371) | 592.00 | 597.97 | +1.01% | 次日收盘卖出 |
| 2025-07-21 | 宁德时代(300750) | 279.66 | 286.66 | +2.50% | 次日收盘卖出 |
| 2025-09-24 | 长电科技(600584) | 41.20 | 42.44 | +3.00% | 次日涨3%止盈 |


---

## 三、策略评估

### 3.1 胜率分析

当前胜率：42.86%

❌ **评估**：胜率不足（<50%），策略需要重大改进。

### 3.2 盈亏比分析

- 平均盈利：2.17%
- 平均亏损：-1.64%
- 盈亏比：1.33

✅ **评估**：盈亏比优秀，赚钱时赚得多，亏钱时亏得少。

### 3.3 综合评分

根据回测结果，对策略进行综合评分：

| 维度 | 评分 | 说明 |
|------|------|------|
| 胜率 | ⭐⭐⭐ | 一般 |
| 盈亏比 | ⭐⭐⭐⭐⭐ | 优秀 |
| 总收益 | ⭐⭐⭐ | 一般 |
| 风险控制 | ⭐⭐⭐⭐⭐ | 固定3%止损，纪律性强 |

---

## 四、投资建议

### 4.1 当前策略表现

❌ **不建议执行**：回测结果不理想，建议优化策略后再考虑。

### 4.2 优化建议

1. **提高选股门槛**：增加基本面筛选（市盈率、业绩增长等）
2. **结合大盘环境**：在大盘上涨趋势时执行，胜率更高
3. **精选板块**：聚焦当前热门主线，避免追冷门股
4. **动态止盈**：可以根据市场热度调整止盈位（3-5%）
5. **仓位管理**：单次仓位不超过20%，分散风险

### 4.3 风险提示

- 回测结果不代表未来收益
- 实际交易中需考虑滑点、流动性等因素
- 建议先用模拟盘验证1-2个月
- 严格执行止损纪律

---

## 五、详细交易记录

| 日期 | 股票代码 | 股票名称 | 买入价 | 卖出价 | 收益率 | 卖出原因 | 评分 |
|------|----------|----------|--------|--------|--------|----------|------|
| 2025-09-24 | 600584 | 长电科技 | 41.20 | 42.44 | +3.00% | 次日涨3%止盈 | 90 |
| 2026-05-15 | 002371 | 北方华创 | 592.00 | 597.97 | +1.01% | 次日收盘卖出 | 95 |
| 2025-07-21 | 300750 | 宁德时代 | 279.66 | 286.66 | +2.50% | 次日收盘卖出 | 95 |
| 2026-03-23 | 002594 | 比亚迪 | 107.63 | 106.64 | -0.92% | 次日收盘卖出 | 100 |
| 2025-07-10 | 300041 | 回天新材 | 9.83 | 9.64 | -1.93% | 次日收盘卖出 | 100 |
| 2025-09-18 | 300041 | 回天新材 | 11.45 | 11.11 | -3.00% | 次日跌3%止损 | 95 |
| 2026-04-30 | 002415 | 海康威视 | 36.29 | 36.04 | -0.69% | 次日收盘卖出 | 95 |


---

**免责声明**：本报告仅供参考，不构成投资建议。股市有风险，投资需谨慎。

